779056942819442758
679684207555248150
738155879194689707
842125335129489419
902072173269753856
730261613067763723
931673971433299998
871121188385071116
815875455365414922
574593390491205654
918686581743824958
355933051043184652
944323481431072788
771398998103293982
800126749320413195
857892101231738881
691758159739486268
461721044588298270
686267330983886964
752126559753732106
740262517221228654
354664892055289857
372879041700823053
396040130697232404
659070153417424905
534736431608758274
941338051228078100
911266921553465344
889765587251781633
499114472594604044
833711152726409216
460132381379002369
907487336684716102
444700513242447892
909176015593549864
908608973912043522
412662901246001158
528231939958767622
790560432753606696
819079317333213204
505154696277655562
827830093363150858
748574790784385095
886722816492306442
753389310493065236
823880453986582539
310170356545748994
501771812896505856
503840635632222208
945433039494873199
859527687244480533
893013299162128394
867854351321268284
927923842305892373
804540020006453278
925039861310840963
872847304837709914
316613776336093185
757405230018199652
756151679426232445
899124894422429706
398171664635920386
923548557238235147
512260994483879945
243773336570691584
839352890451820594
697845304967561287
466089510032113664
923088244361556018
911613804700377108
327071708387475456
497317538057945099
810687150583578635
398039065624051715
929269359774429225
916597805097816065
909738009056927774
945147856728248360
854967677893607444
508738482949193739
804733994616619068
898141016807329804
887419557894045776
923042131969450059
185144760913100802
721272015998287893
932115111508852766
904664673859829770
805770699645911091
887275232585457724
869470607471935508
775777170429575190
711747677691445340
626756619186733076
472582700084232192
258461608991391744
117839579301675010
727534085546705067
434950685453320192
797479290445758484
905302907937759232
390754737135419402
402870511224487939
212272330477404160
873903258710732840
707502726241714187
344920213050884116
389163408668229633
900695134474231860
833437030968721450
478976205475807242
709795636081459301
450251084254937089
697462805741436929
490371421466525696
470779119970287616
387339291270971395
861938839526440980
478028980369358859
806982049818738758
379802709135458305
387283601743544332
499057453204504588
387159201555939331
440086439171194883
904160425124442112
771756563453968405
746367669485305977
319342575645622272
804244993060372490
470062536155332608
276814015274024969
697524392300773499
797319920735617036
821624587526995968
647110632910618639
223022938922811393
475296944340598787
795489972445773875
892232488812965898
820367359134662687
899655165194424341
483353344476184577
685646095363473417
463029090950053888
561355594120822794
743783635039027200
760795608238915585
512333785338216465
890642063794782228
143088058923745280
693712570812596285
610679968262914048
235148962103951360
463561390511226882
704521096837464076
836056639278809108
871700987981750343
819896912802611230
757970768977199206
851362546979569665
804380509278175232
505508276167901184
378691442840961034
384849366151725068
746921059437248582
205247511902945280
751085274389282869
340158635294457856
758718666858037289
410540393994649602
830436907820777472
525533447771652096
514808022061678612
758691710200053832
898891484135292938
588226401870544896
276885913001394176
102991429478924288
804442753664286722
881868396902383626
841482810404372541
893370950442160149
336892479133581322
393059054076821505
908376662691962880
605747406432370734
903119721036140586
810388396659703828
885344015350911027
329011579863695363
387640458513219586
155149108183695360
168274283414421504
869538512813322250
217817751522115586
523667310465253408
910410179961561110
805620819677675532
807740617336553482
707077051365982314
815642965204009050
808825344395313203
742776215680581744
122530742747004928
96731607435583488
876951097758081054
314062387185713153
879695315844870175
617014387567493141
801148929545863168
884291622177742899
778624619056857109
355188349910122496
890571674829848586
824199327601393674
806365116139438121
525496385345290263
504221710883749890
822380855082483732
845205466271449130
477202711071293444
789248522180362261
389224592255746048
772097835457314906
817263173706842143
896339225534922753
418367707487010816
500045394588336128
403443187190071306
887951524465094697
759172277941043260
727168130811560058
597999790009221120
261138702774960128
337325898707632139
392936550939492353
897832111942275152
747452145271308428
875647223558447104
419739655173570560
105971581452304384
868457724827017278
663526401604845624
710061983872843797
815443639127113728
884785128059076628
823920895717408800
915924620761255936
295088029939400705
715618726124454029
808364902468812850
768882709455962122
756907090282545334
918401552060915752
800448964213604382
213351195408990209
291789274024509452
887623793323962419
903881011467804705
356035842520776705
412938044325494794
350794077752655872
724497706034266112
668954764481921046
697039292412854312
720766020469653557
276405685024063489
402010750278959104
880353306168397875
782429997460750357
903603210906927104
914501649047887882
426677848246452235
758200072126332929
596355752319516672
479287790539112468
592633195845910539
833106108477472828
190744977125539840
672843021229883406
415399904106512394
717649399873929226
814376172124373012
326379918164492289
772164166202425354
337602572514754560
768636642793226271
916154324512563240
880003352040198175
404683815072825344
850202226034475048
888734065228914698
320160750708457473
606287534401781793
159985870458322944
821555771896365096
883596587425738804
742052757527068762
753619240795373669
562781143670194191
268540281777946626
909952036378914838
680543892235616287
261511609694814211
778873621258567700
849074191272902697
859495257150718002
848808678126649364
776105255448346624
700795896098455633
231456587460378627
777169593923665973
260900041005334528
560901848173903882
822702512909713418
746873022668996751
873181000967024691
815562411960565810
798579477448884265
355338697622814722
906205150929092688
916697892117422140
915174376578625537
905307935100530718
822919316320157736
326012970385801216
907877626566279168
470843557855494149
927569512612659230
391252230847856641
595622912246153216
636853355775524864
717719517337354321
544264360047149087
855769661701881879
887132254562820188
813806647901159455
522806811548450816
907282599192461362
826864067766779904
806729393472012318
882621279901986908
164093356446711810
354649291232641026
903276556015788063
368639780784832512
676000817500913666
764554729476194315
753335526001475644
554256360796192768
907624087495520267
337221992069464065
858094489260654603
347938902319038465
609642034017337349
160063208093122561
445092759850844160
385594279650656256
914875566207930429
840408530832982038
423376888552226826
394639602029297674
837005016896110623
394785805304070144
686486567514275860
820634495425183754
315819162431782914
693681782859759677
753624782767128586
770358621602054154
616754792965865495
254112318089068545
744248435665928294
781154859973869599
388728906280075266
472546890878025728
914954766038208553
227149047838932992
258251405129809932
726812938144317471
510136624760487953
444012773320687617
628400349979344919
723037596888072214
805433791732383775
793834204525101066
347835144926658568
324580623001976832
269663910808780810
806021047589142550
624205734057345036
339086438421364746
805034145050918943
385821443390308364
359701069946814487
277456783713501184
557628352828014614
843872882328993832
559053812762017843
840877407689768991
616596809581854748
848770819571712030
892667724034093096
789714153514074173
276527590699958272
859014388336558080
266989887788548096
422870000894869525
346165074462900225
529753585064476682
817930985958014976
772646089537880076
831237658998865970
240254129333731328
747430001091018782
702365240981192734
259345787488567296
763875294972870677
909421301070962688
881451407729917992
811907386876624906
869902143249870868
795079624521547807
756781205373976586
255129953702510602
831974940534243361
204255221017214977
370596122391216129
234662009495486465
853444477792419891
887861928477728788
431347572079329280
378390868190822400
803082576725409822
740510569932652584
398444856554422282
873933589585215540
556853562949500928
315409845920595969
493308649129902090
468047816166473738
836235689589866536
820946991428665374
821383829502689352
825973839271952405
887904762907983872
431524140604981249
745381341826121833
789534394120929351
842037048017682484
679684207555248150
908770327834820729
323961796329340929
663124666722025559
887722704483008542
920501816603574402
914882911549919273
730139662089322526
912394678589067265
331241170820923404
842125335129489419
730261613067763723
879818874470662235
931673971433299998
815875455365414922
574593390491205654
923937187236544542
753615384338497558
459352729048055808
723518385060839425
699006661032935466
355933051043184652
869053068547866705
944323481431072788
429143697771462657
771398998103293982
908364311028703263
939191173275353169
823456318827659285
461721044588298270
237929844711620608
156600924956131328
686267330983886964
938124481094877244
666028069508743203
740262517221228654
945700527310790728
837284214302703686
354664892055289857
372879041700823053
659070153417424905
945707928843870218
534736431608758274
440896007832862750
938125562935906395
875784080912969788
911266921553465344
762080302473936956
545342629509070849
445239683371499521
809546087509131304
919004006351773696
699100116702855220
945710431421485110
444700513242447892
909176015593549864
748215503197306994
717016813648478271
688440513434615938
412662901246001158
562465589449326611
819079317333213204
505154696277655562
798483384124833802
827830093363150858
748574790784385095
886722816492306442
753389310493065236
718616643269427301
781135560487338024
744912275734790275
310170356545748994
921577608125247528
372830357810184193
840431338468540417
859527687244480533
663798044650897438
211045393985830915
851978619663679568
867854351321268284
888138377382219776
813062601235103754
929830327013236888
804540020006453278
938044594271174699
925039861310840963
707214176765870092
316613776336093185
756151679426232445
923548557238235147
806104417413234718
512260994483879945
243773336570691584
456516418654044160
697845304967561287
359661928831778816
802541434879213608
675478425196036115
466089510032113664
923088244361556018
556979523975905292
783835259275182140
911613804700377108
895993047945461812
327071708387475456
398039065624051715
914832049142104076
821386450498486303
945147856728248360
803368748073222184
361871446110240778
809023550978916372
775812790748577812
847240768166297640
882669411838877706
508738482949193739
804733994616619068
898141016807329804
743773760095780874
502622157625360407
244017245813080064
887419557894045776
360616348495380480
932115111508852766
904664673859829770
411428646994313217
897669490584731729
869470607471935508
359763396880498689
861531275314331688
472582700084232192
826645449250177066
529850553501483020
339571247685959682
695986046285905941
390754737135419402
402870511224487939
679366901092188173
707502726241714187
375031277968949258
716995968540868698
389163408668229633
451375530827317250
833437030968721450
450251084254937089
490371421466525696
470779119970287616
708122974925881546
412669007985115146
387339291270971395
624634162929729536
683915959823761428
222034004084260864
703710808307269702
817548084665122886
379802709135458305
387283601743544332
805408149225603114
499057453204504588
387159201555939331
440086439171194883
479726104526192648
771756563453968405
746367669485305977
319342575645622272
771872359162314773
850826115727228958
781855336994701353
836242321057513502
740631753538011278
727367674522370130
915920855287103508
910624074177318934
697524392300773499
797319920735617036
223022938922811393
475296944340598787
260391644392587265
892232488812965898
820367359134662687
463029090950053888
110352951230361600
891261234270306365
465186547629686815
561355594120822794
743783635039027200
512333785338216465
804381951267045377
813384693994749953
804725977728942090
143088058923745280
693712570812596285
215463871723470848
235148962103951360
265344996654317569
704521096837464076
757970768977199206
828685035824480296
804380509278175232
378691442840961034
905801749980409856
746921059437248582
663118372850106389
880755382673371147
205247511902945280
751085274389282869
340158635294457856
758718666858037289
830436907820777472
876142211362877490
910945119467880538
827262819610263584
525533447771652096
514808022061678612
898891484135292938
786980583490060339
588226401870544896
400653481448439808
276885913001394176
102991429478924288
804442753664286722
893370950442160149
177613769504063488
530142335187681282
485060181386854412
336892479133581322
908376662691962880
381906146501328896
605747406432370734
903119721036140586
810388396659703828
387640458513219586
888032091365863464
155149108183695360
168274283414421504
837164206188658688
217817751522115586
889581451631280138
523667310465253408
886672197236691034
838734615426367488
849669712338354196
805620819677675532
851455844692656218
807740617336553482
707077051365982314
236891883694063616
815642965204009050
808825344395313203
742776215680581744
122530742747004928
808059778647326792
830007377087692850
360949582534017026
876951097758081054
236778626077556736
823413323323670579
314062387185713153
886445361152032788
617014387567493141
843345304115478580
801148929545863168
811553333524299806
833303107542843413
882771121651449876
490996848702783516
749532469576990762
161158709488254976
868259123710541876
884291622177742899
364160034609037312
890571674829848586
824199327601393674
806365116139438121
367426531582279703
772156656289185792
504221710883749890
438603196219392010
822380855082483732
477202711071293444
789248522180362261
389224592255746048
826800713886728212
862267580919054356
772097835457314906
817263173706842143
896339225534922753
418367707487010816
500045394588336128
403443187190071306
832807256176853033
759172277941043260
261138702774960128
124056286466670592
379109377677983746
337325898707632139
897832111942275152
251524384290897920
449731332994498560
419739655173570560
868457724827017278
817961207666966539
884785128059076628
145968838670811137
823920895717408800
915924620761255936
295088029939400705
761963190376333342
808364902468812850
768882709455962122
756907090282545334
533042690133196802
857462990005731328
800448964213604382
760601447858438164
354748427055267840
213351195408990209
291789274024509452
594300725585248282
887623793323962419
903881011467804705
356035842520776705
412938044325494794
868652161519734794
892131704297373756
884599945896808469
494826942789582848
350794077752655872
724497706034266112
668954764481921046
720766020469653557
549924850530254858
276405685024063489
365545783522754561
880353306168397875
782429997460750357
914501649047887882
354591576489459712
471292286077108238
743461681920999524
479287790539112468
131099119870672896
876565579648106527
833106108477472828
190744977125539840
672843021229883406
415399904106512394
326379918164492289
535865904114696199
404820414271848449
353955726625996832
768636642793226271
243235850777919488
916154324512563240
514524967656751120
840419634359435275
850202226034475048
888734065228914698
438421040746463233
606287534401781793
159985870458322944
821555771896365096
883396745877418056
742052757527068762
753619240795373669
562781143670194191
268540281777946626
909952036378914838
560812010120544266
680543892235616287
261511609694814211
859495257150718002
447925039229042690
776105255448346624
700795896098455633
231456587460378627
777169593923665973
765260076008996904
260900041005334528
560901848173903882
757906450944229477
822702512909713418
796681041606737940
124492573313204225
309929621179334666
691236879621816382
912748520656764969
547754623080071169
834009941558951997
798579477448884265
763151822952857601
790603099572142140
906205150929092688
255832236555894794
326012970385801216
541297374455267329
470843557855494149
927569512612659230
139120967208271872
588454942948327447
377600919421976579
636853355775524864
466176039656357888
661935484133441548
544264360047149087
813806647901159455
522806811548450816
907282599192461362
451465624053350400
826864067766779904
806729393472012318
882621279901986908
164093356446711810
354649291232641026
906366276119699537
903276556015788063
676000817500913666
764554729476194315
720731123478691870
897088440515063818
554256360796192768
623743979413831680
907624087495520267
870459587373961287
877927555632619540
347938902319038465
427207785537732619
445092759850844160
744348573562568733
385594279650656256
840408530832982038
394639602029297674
671378181290459143
352878288676454422
535179936739098625
868493735305048065
872716394351984650
394785805304070144
356637210331578379
474559434048274433
686486567514275860
820634495425183754
725404826049052734
105680726204096512
614005008605904917
179806538456760320
315819162431782914
693681782859759677
725351652155981934
413031717662752770
808860879033466911
753624782767128586
283112394618568704
770358621602054154
616754792965865495
254112318089068545
744248435665928294
907318705065713724
760429191593459744
464665587445006336
388728906280075266
688095950995980331
858389313744928789
914954766038208553
227149047838932992
730432982116204555
726812938144317471
340153789950722058
402890811659780097
510136624760487953
433093625606569986
628400349979344919
796402482061246494
769978432981303368
723037596888072214
487054913709408256
764454336918716456
793834204525101066
324580623001976832
269663910808780810
754116533529214987
854446490533363712
803003385065504798
624205734057345036
339086438421364746
805034145050918943
520049809755865089
409387847397802004
277456783713501184
557628352828014614
388150358620241920
843872882328993832
721764151269130321
559053812762017843
840877407689768991
616596809581854748
695302992718594138
383331021875183627
840849484791152640
841251065353076736
696788249284182098
789714153514074173
276527590699958272
859014388336558080
856360270632452146
266989887788548096
788021348517543957
720634369865416755
422870000894869525
431084195885088769
346165074462900225
221963470093025280
264651916615614465
529753585064476682
535809092363747329
831237658998865970
240254129333731328
747430001091018782
702365240981192734
361788082359369741
259345787488567296
763875294972870677
437745149766795264
909421301070962688
354320094181982222
869902143249870868
795079624521547807
756781205373976586
867613966054195200
831974940534243361
204255221017214977
370596122391216129
192752575244664832
842454935915724811
431347572079329280
780253289866199060
332624167402864640
375869559539761152
398444856554422282
873933589585215540
847985816370413578
315409845920595969
279307108787159040
429253845659680768
493308649129902090
836235689589866536
359491761489313822
